TFs	H31_In	H31_Out	H31_Total	H33_In	H33_Out	H33_Total	DeltaIn	DeltaOut	DeltaTotal	rank	H3K27ac	H3K27me3	ENSID	baseMean	log2FoldChange	lfcSE	stat	pvalue	padj
RXRB	337	219	556	0	0	0	337	219	556	53	0	0	ENSG00000204231	1667.29838978553	0.17021515948987	0.223388180322793	0.761970303191117	0.446077728477447	0.754611865092492
ZNF311	301	207	508	0	0	0	301	207	508	65	0	-0.111689961543464	ENSG00000197935	207.564259863339	-0.415153372425576	0.361039276471938	-1.14988423553924	0.250191554650345	0.593424564502701
ZNF311	301	207	508	0	0	0	301	207	508	65	0	0	ENSG00000197935	207.564259863339	-0.415153372425576	0.361039276471938	-1.14988423553924	0.250191554650345	0.593424564502701
MEF2A	456	337	793	356	294	650	100	43	143	163	-4.21394667199894e-4	0.23701387899042	ENSG00000068305	3967.68565375592	0.0332836963796037	0.219931780513569	0.151336456704356	0.879710312161153	0.960623107317408
ZIC1	0	0	0	380	287	667	-380	-287	-667	289	-5.91298823160144e-4	2.16274169857884	ENSG00000152977	946.191119986755	-1.14892295438158	0.662663942551504	-1.73379428184639	0.0829545906073275	0.371392931987368
RARB	399	209	608	0	0	0	399	209	608	32	-6.04424812358795e-4	-0.227637577320415	ENSG00000077092	347.829641954605	-1.26076003338718	0.300021557414562	-4.20223148047022	2.64296665280457e-5	0.00486013746749151
ZNF83	122	371	493	0	0	0	122	371	493	71	6.90762334121238e-4	0.0855215092454665	ENSG00000167766	3188.95558135468	0.0682953236456205	0.298290618843501	0.228955653752731	0.818903383779327	0.93926460899288
BCL6B	0	0	0	201	303	504	-201	-303	-504	282	0.00132625761061063	0.00498836953837773	ENSG00000161940	503.026629910179	0.888105897851847	0.607479663133232	1.4619516532804	0.143754458849605	0.472185488177714
CEBPB	375	194	569	0	0	0	375	194	569	48	0.00148674489854728	0.202822678561727	ENSG00000172216	1178.07548451387	1.32177046946616	0.408967271510519	3.23197126406767	0.00122939418523346	0.054114656085236
EGR3	399	235	634	371	179	550	28	56	84	225	-0.00152978768788131	-1.06405556002962	ENSG00000179388	278.813937653179	-0.0475971416254022	0.569570629154141	-0.0835667065489101	0.933400938638739	0.979030635280144
RARA	416	373	789	301	304	605	115	69	184	124	0.00338989146513748	-0.0198302146952447	ENSG00000131759	1594.84603837768	-0.45038308815416	0.422132907493352	-1.06692247905656	0.286006843137302	0.627293979433409
PAX6	252	251	503	0	0	0	252	251	503	67	-0.00359816663593923	0.0531596060990236	ENSG00000007372	1596.82680639329	-0.434462894477977	0.329706027684529	-1.31772809107901	0.187594687367095	0.527132924394316
RORA	451	269	720	422	184	606	29	85	114	192	0.0044516580500828	0.0577685703830555	ENSG00000069667	6215.74018582348	0.230982265623688	0.357947804895305	0.645295941097466	0.51873542253732	0.797692142077902
ATF4	352	219	571	0	0	0	352	219	571	44	-0.00598578190196846	0.230345418629525	ENSG00000128272	7490.04461712331	0.259459295940184	0.309170994893159	0.839209693748425	0.401351648522426	0.722342000088861
ZBTB38	449	205	654	375	135	510	74	70	144	162	-0.00963068793849896	-0.0175128065411825	ENSG00000177311	5537.20638202498	0.410217159454738	0.314044145090426	1.30624043105984	0.191470807471551	0.531189339546491
SALL2	224	352	576	232	309	541	-8	43	35	254	-0.0105199764800511	1.1722005969903	ENSG00000165821	3066.76287014194	-0.120592078045568	0.390196129048858	-0.30905503429653	0.757279663242228	0.915630860252677
CEBPA	139	267	406	0	0	0	139	267	406	91	0.0116041361728405	0.649796612395259	ENSG00000245848	766.729558316234	0.00565718477073934	0.442029034592055	0.0127982198634538	0.989788776722869	0.996615669576595
STAT3	376	468	844	217	424	641	159	44	203	117	0.0118771988202476	0.0937423687225749	ENSG00000168610	11922.5698126555	0.0602773444649021	0.276280653677539	0.218174322604777	0.827293290774532	0.941736679399731
HOXB3	366	237	603	0	0	0	366	237	603	35	0.0129652017923178	1.11991724839467	ENSG00000120093	276.268738808561	1.81489804707097	0.484468531390253	3.74616291766743	1.79560002240228e-4	0.0178736379437929
KLF3	443	266	709	0	0	0	443	266	709	9	-0.0134174996623068	0.292242860554868	ENSG00000109787	3440.1254057621	-0.11389079522419	0.309912043407357	-0.367493931413593	0.71325061769636	0.895642027467707
FOXN2	418	215	633	356	176	532	62	39	101	207	0.0142885574546336	0.188506757315554	ENSG00000170802	2854.80360084179	-0.140059177298742	0.303003179171072	-0.462236659304708	0.643911616821747	0.862267548001719
NR3C1	439	275	714	0	0	0	439	275	714	8	-0.0146864918738355	0.0969814279827436	ENSG00000113580	6326.97068027796	0.194934362912873	0.263565092747651	0.739606147690857	0.459539010292349	0.761878783363595
AEBP2	372	229	601	0	0	0	372	229	601	38	-0.015831720754373	-0.00606118489092156	ENSG00000139154	1910.72946327019	0.0865439672957301	0.213429838285796	0.40549141577778	0.685116327075129	0.882317705553923
TFEB	451	123	574	0	0	0	451	123	574	43	0.0162195223417878	0.112150097595576	ENSG00000112561	1197.589910292	-0.327497304978367	0.375988068353858	-0.871031111205755	0.383737166186876	0.709164600906913
ZNF114	236	99	335	172	48	220	64	51	115	191	-0.0169172195479547	0.0612444698917996	ENSG00000178150	202.487172805533	-0.0575463908794448	0.381251164160981	-0.150940892222814	0.880022342681134	0.960666769697436
ZNF710	355	243	598	0	0	0	355	243	598	39	-0.0173773696337803	0.265565812290354	ENSG00000140548	1521.46065617912	0.104340794988644	0.267060653246762	0.390700740525164	0.69601845142545	0.887330828079756
NFATC1	448	267	715	416	223	639	32	44	76	229	0.0175536626608396	0.249897074343817	ENSG00000131196	822.357570287149	0.73876390842257	0.388346099891405	1.90233379098993	0.0571275307373672	0.31848715322402
FOXO4	116	353	469	188	281	469	-72	72	0	258	-0.0185340327245873	-4.58832962566994e-4	ENSG00000184481	1451.87363843689	0.565847589935133	0.470877829183695	1.20168662626583	0.229484964588124	0.572800543469363
RXRA	457	362	819	419	293	712	38	69	107	201	0.0205504216256985	0.278814659608806	ENSG00000186350	6313.15572928459	0.134702523207787	0.380803375253543	0.353732482329234	0.723539377093122	0.900468130521357
GLI2	464	324	788	402	247	649	62	77	139	168	0.0218116757677542	0.126010458456955	ENSG00000074047	904.283578718897	0.103596069577249	0.381297495571579	0.271693548424583	0.785857662371453	0.92576081799427
TBX18	94	149	243	0	0	0	94	149	243	107	0.0225272285878594	0.394274604302684	ENSG00000112837	116.918441132133	0.875501870957511	0.555680374935045	1.57554938135048	0.115129689523299	0.427699757815474
STAT5A	261	358	619	132	320	452	129	38	167	139	-0.0226210685326294	0.172115130286458	ENSG00000126561	1031.41019364096	-0.315265072488359	0.318514873925305	-0.989797018277684	0.322273342538913	0.657786656898381
ZNF670	105	293	398	113	232	345	-8	61	53	247	-0.0232400604919884	0.141335724747632	ENSG00000135747	342.500594701123	-0.589124649052419	0.302159328568264	-1.94971524408628	0.0512100683574918	0.304425511436153
ZFHX2	349	182	531	0	0	0	349	182	531	60	-0.0270068331552353	0.105077433742433	ENSG00000136367	1487.06984874213	1.25918540185573	0.431853631195185	2.91576893395767	0.00354813168965267	0.0919645201073997
SREBF1	398	225	623	270	140	410	128	85	213	115	-0.0295323480336543	0.143757148995588	ENSG00000072310	3807.11161710387	0.355680129318925	0.488830233858966	0.727614833704298	0.466849397615034	0.766542182587136
ZBTB46	304	204	508	0	0	0	304	204	508	64	0.0298516128496258	0.0869490005220665	ENSG00000130584	1079.30180888381	0.476447054111267	0.364390679618961	1.30751712587567	0.19103714241942	0.530702609445187
DBP	389	250	639	346	195	541	43	55	98	209	-0.0329099349113773	0.264119966925655	ENSG00000105516	684.994592496049	0.0976232498954779	0.403294140858007	0.24206463720942	0.808730078855374	0.935264802897124
REST	71	454	525	0	0	0	71	454	525	61	-0.0342890693833009	0.287292606117119	ENSG00000084093	3028.94772898089	-0.0633210353502751	0.22734458287304599	-0.278524495943828	0.780609763632923	0.924407691552695
RUNX3	233	266	499	289	188	477	-56	78	22	256	0.0349538377756834	0.00506074849308798	ENSG00000020633	239.755535004363	1.07037461951977	0.473913400187314	2.25858694667993	0.0239090905409915	0.215799461227513
MAZ	347	410	757	194	361	555	153	49	202	118	0.0359280660887841	0.418788622121529	ENSG00000103495	5501.32869075762	0.806165198511365	0.411052983777354	1.96121967319917	0.0498534028852857	0.301261893479738
ZNF282	119	321	440	0	0	0	119	321	440	87	-0.0361817227152951	0.211405748414811	ENSG00000170265	1175.03993033653	0.145159720277939	0.288002477051973	0.504022471486393	0.614245585950635	0.847114491992641
NKX6-2	422	220	642	0	0	0	422	220	642	19	0.0367011219949196	-0.423262475602133	ENSG00000148826	252.878588464907	1.26345534075144	0.628364999672186	2.01070292172635	0.0443568452465727	0.286653091373225
GRHL1	331	114	445	0	0	0	331	114	445	86	-0.0367184868293968	0.189740362313917	ENSG00000134317	824.20208020324	-0.700391551397638	0.485511117259878	-1.44258602223261	0.149137123223973	0.479218532684295
ZNF696	0	0	0	229	209	438	-229	-209	-438	277	-0.0387550382444943	0.0313389884766508	ENSG00000185730	505.556558113705	0.511076397409498	0.349197874676412	1.46357247415407	0.143310798027372	0.471311220902149
MAFF	407	359	766	367	304	671	40	55	95	214	0.0394945904208994	0.193147409542626	ENSG00000185022	1354.00053484737	0.662544392881401	0.533476268440956	1.24193789316559	0.214259477725469	0.556599250073307
HOXA5	0	0	0	343	145	488	-343	-145	-488	280	0.041507786427117	2.03501141688999	ENSG00000106004	131.072736319776	-2.36411380838628	1.26927823138549	-1.86256547219415	0.0625234259519081	0.331287750924838
ZNF580	251	263	514	213	218	431	38	45	83	226	0.0440576798885057	0.261026850656149	ENSG00000213015	490.101644890466	0.582226373842274	0.407757109093761	1.42787547012061	0.15332770521159	0.485070327090524
ELK4	401	227	628	0	0	0	401	227	628	24	0.0444342071283866	0.322947279717731	ENSG00000158711	5223.85116162139	0.378606040298231	0.18165303278253	2.08422636549915	0.0371395815839081	0.265145043105878
ATF3	442	134	576	338	80	418	104	54	158	144	0.0453361862812149	2.64116194194139	ENSG00000162772	3161.56759125889	1.817388259646	0.651829169197255	2.78813582688262	0.00530123122302214	0.108125929773013
FOXJ1	349	279	628	288	243	531	61	36	97	210	0.0473102392070428	0.185566490395814	ENSG00000129654	697.318748092256	-0.860647791568374	0.689877143812303	-1.247537767105	0.212200381174834	0.554051837189222
ZNF184	279	324	603	0	0	0	279	324	603	37	0.0477609514887378	-0.300527357257152	ENSG00000096654	778.390657800713	-0.291153456303235	0.35814859153254	-0.812940391744585	0.416252234809191	0.733842200823484
ZNF629	329	285	614	234	230	464	95	55	150	152	-0.0481270864158134	0.317715582691144	ENSG00000102870	1809.41426277729	-0.172110919037319	0.278881221091093	-0.617147753312156	0.537137273459882	0.807948992483848
KLF16	389	322	711	376	261	637	13	61	74	231	-0.0481913418344992	0.333723490152251	ENSG00000129911	649.167058494729	0.958296305642445	0.443888505689154	2.15886713298569	0.0308604763776949	0.244494946663103
IRF2	437	200	637	363	125	488	74	75	149	153	0.0484038517537903	0.159486503914278	ENSG00000168310	1173.1182071109	0.134574184816484	0.258000489558761	0.521604377753843	0.601945814629292	0.841115766824243
ZFP3	286	401	687	187	350	537	99	51	150	151	0.0485902915505243	-0.0855504262997351	ENSG00000180787	1056.2619152697	-0.282172971722259	0.262545639404614	-1.07475779206295	0.28248318198412	0.624833325997857
ZNF366	393	227	620	0	0	0	393	227	620	25	-0.0497985006647738	0.0234578449167307	ENSG00000178175	218.415986200661	0.776244072833555	0.434005456571662	1.78855832589143	0.0736859744630585	0.355332807873001
ZNF407	165	332	497	0	0	0	165	332	497	69	0.0510594518667197	0.151803064312174	ENSG00000215421	2027.67160098289	-0.00110930517548287	0.213600811228465	-0.00519335656593727	0.995856319603804	0.998568764723198
SOX1	442	325	767	415	281	696	27	44	71	235	0.0524005679265529	0.930607784409161	ENSG00000182968	488.626220106559	-0.296697495208515	0.441781481663818	-0.67159332729635	0.501842627408488	0.786393346717816
STAT1	123	421	544	107	377	484	16	44	60	241	0.0524536647820682	0.142970678222418	ENSG00000115415	6708.84683990977	-0.571550780355992	0.386189790409149	-1.47997382258724	0.138880232784049	0.465008685357255
IRF1	311	358	669	0	0	0	311	358	669	15	-0.0535415894051979	0.271615869938897	ENSG00000125347	1452.10594308109	0.906524145778753	0.469540231505753	1.9306634127424	0.0535246903057643	0.309260650668612
RARG	303	315	618	0	0	0	303	315	618	27	-0.0538436028523899	0.068657140323514	ENSG00000172819	777.092307674939	0.0511069295819935	0.446635581729229	0.114426462361382	0.908899737830092	0.970592641573244
JUN	347	284	631	295	208	503	52	76	128	184	0.0546351786752729	0.100742834184013	ENSG00000177606	9325.48967255813	-0.166989894465566	0.337673656554443	-0.49453041782856	0.620931629733817	0.849773999658043
SOX6	445	308	753	372	276	648	73	32	105	205	0.0548803852711331	0.144666125578962	ENSG00000110693	12335.8368998099	-0.365613955750969	0.376675013967741	-0.970635009473394	0.331730065770477	0.665209633863082
ZBTB24	117	341	458	0	0	0	117	341	458	84	-0.0562167848267848	0.206945700790462	ENSG00000112365	824.182201494385	-0.661992353244014	0.268073897322051	-2.46943980692282	0.0135324783250833	0.166307161519552
BCL6	350	398	748	231	349	580	119	49	168	135	0.0624874610951293	0.110237270187074	ENSG00000113916	11651.7576424067	0.915112739262926	0.395904595203822	2.31144763245751	0.0208081425368877	0.202941505545538
KLF15	318	310	628	262	264	526	56	46	102	206	0.0625641824840224	-0.172171473918871	ENSG00000163884	1600.43793927746	-0.182171870601182	0.406840091765779	-0.447772661269726	0.654317275714036	0.866775025447306
BBX	326	209	535	255	167	422	71	42	113	193	-0.0627766573271015	0.00778569265674596	ENSG00000114439	9089.73594577095	0.148178353795269	0.27913758307077	0.530843436291063	0.595527277270855	0.837511171331766
CREB5	464	64	528	397	39	436	67	25	92	217	-0.06428310689662	0.0503472175486212	ENSG00000146592	4345.70071929411	-0.150134912211195	0.427014660859983	-0.351591938105431	0.725144312113182	0.900919368454028
TCF3	117	409	526	194	369	563	-77	40	-37	263	0.0647530903410191	0.156802044135798	ENSG00000071564	2911.48395866035	0.781222720956258	0.426716089435087	1.83077868469991	0.0671335830845788	0.341523043009915
BACH2	430	175	605	0	0	0	430	175	605	33	-0.0688388308423793	-0.178735130462289	ENSG00000112182	1647.6977914201	-0.301346825817225	0.314792425044956	-0.957287411773612	0.338422207321633	0.671253675935881
MEF2B	0	0	0	201	232	433	-201	-232	-433	276	0.0688424804311456	0.0886811579302518	ENSG00000213999	345.209285606815	0.514716742612772	0.299724368740908	1.71730028083806	0.085924320764311	0.378067826025175
KLF4	463	341	804	363	279	642	100	62	162	141	0.0695540014146507	-0.0196411796166501	ENSG00000136826	209.044283754168	0.409877106392427	0.356952249221384	1.14826873142412	0.250857643208752	0.594097146076769
MAFK	392	371	763	324	298	622	68	73	141	165	-0.0703101470708153	0.0552002179148751	ENSG00000198517	1000.32895554479	0.884763169769125	0.30758849100736	2.87645082841528	0.00402174850194637	0.0961706456293842
ZNF236	345	416	761	346	362	708	-1	54	53	245	0.0737196608640732	0.107597328412733	ENSG00000130856	2158.05401868723	0.335962250174065	0.255803984765498	1.31335815773961	0.189062289882536	0.528485634131814
ZNF521	424	352	776	322	306	628	102	46	148	157	-0.073886683438122	0.0357869794092554	ENSG00000198795	2609.83950471889	-0.437972694290355	0.484144399247731	-0.90463236788628	0.365660181706165	0.693729949440222
TCF12	387	267	654	400	176	576	-13	91	78	228	0.0745977044212088	0.0885492120638728	ENSG00000140262	15398.6262794003	-0.469281230910135	0.365183438624405	-1.28505616979196	0.198772656382678	0.539396746191038
ZNF652	310	325	635	0	0	0	310	325	635	23	0.0755087075116358	0.258310836743158	ENSG00000198740	4196.60567107453	-0.116052909297818	0.224996006502487	-0.515799862859056	0.605994198354534	0.843572703944742
SOX7	43	340	383	0	0	0	43	340	383	93	0.0756081063691064	-0.843554347536427	ENSG00000171056	294.002377461905	0.19993000807062	0.298710414835082	0.669310469743753	0.503297449507566	0.787668962523846
SOX7	43	340	383	0	0	0	43	340	383	93	0.0756081063691064	-0.843554347536427	ENSG00000258724	223.536591269168	-0.0727440134204096	0.246522145945992	-0.295081048971342	0.767931966238124	0.919498616982596
SOX4	367	343	710	309	295	604	58	48	106	204	-0.0756592931668825	0.234332969264789	ENSG00000124766	9399.72812984771	0.0734280572995922	0.480251062939022	0.152895147904994	0.878480962332561	0.960394477054217
SRF	332	448	780	250	401	651	82	47	129	182	0.0766153482398941	0.282940291514365	ENSG00000112658	1594.33527791356	0.868074175361904	0.250711826019437	3.46243808736251	5.3530505705434e-4	0.0347742816935555
TBX3	279	199	478	0	0	0	279	199	478	78	0.0775883676625505	-0.880915427123565	ENSG00000135111	292.830433677006	1.25141192223868	0.518229615319791	2.41478272419158	0.0157445985698465	0.178894481116054
PRDM1	303	338	641	0	0	0	303	338	641	20	0.0780120619522834	1.1138669197457	ENSG00000057657	473.089114126031	0.758516469960992	0.33962645230639	2.23338454590311	0.0255235964165684	0.223781414102505
HMBOX1	349	158	507	211	97	308	138	61	199	120	-0.0782367604333083	0.116015383897582	ENSG00000147421	4933.4652826676	0.13990489519881	0.235055928470534	0.595198326241526	0.551710908979603	0.815545246608493
TFAP4	385	164	549	294	85	379	91	79	170	132	0.0788892903360837	0.224257923705861	ENSG00000090447	558.387961087121	0.390327093263225	0.399295649352458	0.977539058830775	0.328302350718593	0.662453735556403
ZNF2	89	252	341	0	0	0	89	252	341	98	-0.0797820391157179	0.144147059826732	ENSG00000163067	371.780136524623	-0.253039400025302	0.22960827851986	-1.10204824345398	0.270440698521075	0.613554446060343
JDP2	190	268	458	0	0	0	190	268	458	83	0.0837462464853741	0.218255532706182	ENSG00000140044	943.365235499717	0.771966897627254	0.401217339020473	1.92406165573981	0.0543468556414145	0.311005645588498
ZNF267	185	335	520	0	0	0	185	335	520	62	0.0847200859543471	0.202060472790038	ENSG00000185947	995.290954741895	-0.160011789913079	0.379986518956107	-0.421098596741435	0.673683086218773	0.877012691915836
ZNF22	389	249	638	0	0	0	389	249	638	22	0.0858928222065368	0.338754565260945	ENSG00000165512	1930.30780258983	-0.675127289982581	0.318649616112231	-2.11871364610336	0.0341146743895847	0.25560291678939
HKR1	226	356	582	111	302	413	115	54	169	133	-0.089023160244208	0.0208787436485825	ENSG00000181666	1775.04772741647	-0.176937175061353	0.19625837206881	-0.901552240529733	0.367294771145132	0.695060644185084
YY1	305	450	755	288	407	695	17	43	60	243	0.0893162866597439	0.40629691448591	ENSG00000100811	4324.93553229225	-0.08587102287315	0.198365247657821	-0.432893482538217	0.665092155071222	0.872534923007928
ERG	306	365	671	23	313	336	283	52	335	100	0.0893607411238448	1.1564893142913	ENSG00000157554	417.722113149844	0.415964201916298	0.568842302845577	0.731246955149922	0.464628324258166	0.765015755721369
JUNB	355	217	572	301	130	431	54	87	141	164	-0.0893936682159932	0.154877194907764	ENSG00000171223	4309.75934236413	0.664103848966663	0.377183868172626	1.76068995788209	0.0782908933465915	0.363281445930943
ZNF341	228	322	550	138	272	410	90	50	140	167	-0.0920470703954502	0.0506475102445098	ENSG00000131061	200.359998863241	0.680302884339838	0.326100090621372	2.08617815175564	0.0369624885499052	0.264746607840143
ZNF404	0	0	0	32	285	317	-32	-285	-317	267	-0.0926930615108643	0.0672237603558151	ENSG00000176222	591.183211796472	-0.0273588298069914	0.369387251081975	-0.0740654414218533	0.940958313456491	0.98099670318552
HIC1	237	367	604	0	0	0	237	367	604	34	-0.0939298182702325	0.00549445785034815	ENSG00000177374	302.290384852285	1.90959609972408	0.458950640360592	4.1607875265709104	3.17152048084925e-5	0.00546175277668166
HIC2	278	292	570	0	0	0	278	292	570	47	-0.0964591789018053	-0.0257620809554476	ENSG00000169635	799.039106787895	0.333226692635084	0.343626674517766	0.969734649100579	0.332178774712403	0.665712909329721
GLIS2	415	351	766	348	288	636	67	63	130	180	-0.0967180360850509	0.0848989561012478	ENSG00000126603	1300.97296441369	1.09513146598881	0.43803674779031	2.50009039541372	0.0124161620536537	0.159183271370438
NKX2-2	374	219	593	291	161	452	83	58	141	166	-0.0970414271101216	-0.314454487871069	ENSG00000125820	801.872343124271	0.73096670729777	0.563376251100426	1.29747518797605	0.194467736913036	0.534698581034068
ZNF232	245	137	382	148	96	244	97	41	138	171	0.0980363090614633	-0.239530997819719	ENSG00000167840	506.591144749745	-0.535234244872668	0.371627745542334	-1.44024296165394	0.149798672398317	0.479790055241027
SP3	416	394	810	333	328	661	83	66	149	154	0.0988900567624214	0.383149235071731	ENSG00000172845	5133.39522899994	-0.422908898403285	0.299863070831716	-1.41034005031124	0.158439297937966	0.492063167169297
TEF	353	307	660	264	250	514	89	57	146	160	0.10048038571983	0.223910133242936	ENSG00000167074	993.37794647543	0.265780996629731	0.307792872371885	0.863506014878106	0.387859313804329	0.711958419933248
PRDM16	478	195	673	445	134	579	33	61	94	215	0.101591997440369	-0.945484182819038	ENSG00000142611	1077.85531697867	0.434387306479118	0.458948236445701	0.946484313445033	0.343901619443691	0.675601837601525
FOXC1	456	373	829	384	334	718	72	39	111	194	-0.102701973104882	-2.38901934106623	ENSG00000054598	406.770516792385	1.15045005934319	0.57817694714225	1.98978887869796	0.0466141970455288	0.293477453954168
NR1D1	417	297	714	379	227	606	38	70	108	198	-0.103585624567784	0.211141551769367	ENSG00000126368	1916.915802162	0.720409424337777	0.436836162713029	1.64915244164672	0.0991164082983521	0.401603640210614
ERF	382	164	546	277	107	384	105	57	162	140	-0.105060668153115	0.340880217513296	ENSG00000105722	2435.45144862826	-0.00884353156864759	0.416595445908806	-0.0212281042807738	0.983063695356777	0.994859245301967
NFKB2	351	259	610	247	182	429	104	77	181	125	0.106889904483537	0.00331432090864093	ENSG00000077150	1032.40221269754	0.766424171766668	0.40435977246527	1.89540162982581	0.0580392129458456	0.320371254298043
POU6F2	236	206	442	315	161	476	-79	45	-34	261	-0.106947923350142	-1.38379117407932	ENSG00000106536	203.544095723445	-0.242445515500597	0.65365084236564	-0.370909818800444	0.710704701651805	0.894792099791664
ZEB1	352	253	605	271	165	436	81	88	169	134	0.10852447586681	0.192320723633768	ENSG00000148516	15774.8213356783	-0.254258671874774	0.356281045622636	-0.713646361485304	0.475445881903388	0.77166366274086
FOXM1	85	363	448	0	0	0	85	363	448	85	-0.111348610482856	0.136898729014564	ENSG00000111206	1127.42540918728	-0.841702038431806	0.516047967798227	-1.63105387668324	0.102878951741862	0.40813500385353
PKNOX2	464	278	742	368	195	563	96	83	179	128	0.112255550987388	-0.364194710616521	ENSG00000165495	2316.31664915106	0.479223140587191	0.348303342308737	1.37587867348803	0.168859198895307	0.506220723136833
SMAD4	0	0	0	61	190	251	-61	-190	-251	265	-0.113173448009526	0.307507266617363	ENSG00000141646	4585.79966798615	-0.339616964071593	0.216927401816257	-1.5655789044081	0.117447231843743	0.431144692219642
BATF3	351	210	561	0	0	0	351	210	561	50	0.113408712473002	-0.443573685220282	ENSG00000123685	184.036989770083	-0.40977856389408	0.495923718723848	-0.826293537539516	0.408637598529163	0.727897612675785
TRERF1	400	90	490	0	0	0	400	90	490	75	0.11446097383755	0.179094297277492	ENSG00000124496	1412.6576284349	0.551104046743704	0.359103907962035	1.53466457625398	0.124866241452942	0.443060035511766
ELK3	389	102	491	0	0	0	389	102	491	73	-0.115587845114856	0.0925779022358098	ENSG00000111145	1566.2416151701	0.205212952050963	0.357199186102781	0.574505654085994	0.565625675545386	0.823298884181574
ETV3	241	130	371	0	0	0	241	130	371	95	0.11579937955231	-0.0905067479867545	ENSG00000117036	2138.0310975087	-0.0198172953220304	0.256362301439165	-0.0773019090981013	0.938383372213096	0.980325120765639
CUX2	0	0	0	243	83	326	-243	-83	-326	268	-0.118509283799034	-0.365201363707242	ENSG00000111249	466.64260105132	1.07975842687164	0.766463740528613	1.40875343447682	0.158908088620196	0.493124585513903
ZNF408	380	277	657	0	0	0	380	277	657	17	-0.1194323049973	0.112587175739487	ENSG00000175213	325.430349051824	-0.0843207781584723	0.235479160250174	-0.358081700600978	0.720282173116553	0.899040398918235
NFATC2	443	198	641	328	123	451	115	75	190	122	0.12259342120777	-0.111357639978405	ENSG00000101096	779.529767761695	0.344043442535452	0.491859116971584	0.699475582873721	0.484254867171092	0.777045136589087
SMAD3	463	372	835	395	323	718	68	49	117	189	0.122993340199599	-0.0178650515749175	ENSG00000166949	3164.68854653523	0.229526989097409	0.335906415222396	0.683306357651564	0.494413277662546	0.782514950746509
FIZ1	376	352	728	306	274	580	70	78	148	155	-0.125358891920931	0.071631937775523	ENSG00000179943	595.152079027203	0.858572439417664	0.351956380560932	2.43942853955172	0.0147105118176413	0.172995817030148
MAX	387	381	768	0	0	0	387	381	768	2	0.125995331679429	0.270369836075743	ENSG00000125952	1716.23771024387	0.51702387625619906	0.269706965094103	1.91698377561664	0.0552399928628409	0.313724010181209
SOX21	340	347	687	343	308	651	-3	39	36	253	0.128239357456645	0.139517371351716	ENSG00000125285	981.367609160632	-0.658567894397518	0.433001855255626	-1.52093550270986	0.128276023541969	0.448690688409346
NFIB	465	190	655	419	114	533	46	76	122	187	0.129110474299455	0.131438731737686	ENSG00000147862	17238.3477357563	-0.080980091189819	0.296036696438463	-0.273547476255709	0.784432402613683	0.925359028797336
ZNF524	363	313	676	295	234	529	68	79	147	158	-0.131670046778006	0.106587383248014	ENSG00000171443	226.01504436772	-0.0420758751700185	0.330661786309753	-0.127247468295605	0.898744536438353	0.967289411942569
ZNF516	458	134	592	388	77	465	70	57	127	186	0.132403224346525	0.0547812417276169	ENSG00000101493	5446.88821966011	0.140967942494098	0.347152340373686	0.406069399798243	0.684691608833546	0.882128401527905
ZKSCAN1	273	200	473	0	0	0	273	200	473	79	-0.133689427841269	0.101939509895011	ENSG00000106261	9073.65509060883	-0.23244826892017	0.224421914344653	-1.03576457583902	0.300311987641413	0.639358769643209
SOX13	419	299	718	370	247	617	49	52	101	208	-0.135578795076514	0.165891660267453	ENSG00000143842	3334.23641707698	0.0415339607253649	0.463795968472404	0.0895522245744492	0.928643051056617	0.978029692753348
ATF1	355	178	533	0	0	0	355	178	533	59	-0.137235873854622	-0.00749547277662268	ENSG00000123268	647.528022211248	0.23821619896841	0.277636777685294	0.858013844399359	0.39088481881188	0.714210055667205
ZNF334	251	216	467	218	153	371	33	63	96	213	-0.137708691319484	-0.0758608573104544	ENSG00000198185	1649.16121867705	0.0435282070265508	0.299941874506891	0.145122141075206	0.884614437290243	0.962026000588672
ZBTB3	261	355	616	0	0	0	261	355	616	29	-0.139137208635353	0.00862760061252094	ENSG00000185670	413.677915295468	-0.0795169602229363	0.274146079255654	-0.29005324620668	0.77177550301699	0.920875087081163
SPI1	207	396	603	186	344	530	21	52	73	233	0.14093726919757	0.13718889019006	ENSG00000066336	581.840982756832	1.02642254456457	0.459794853362302	2.23234892052127	0.025591910958615	0.224174197887645
POU2F1	282	397	679	104	349	453	178	48	226	111	0.145397044860262	0.221544841165138	ENSG00000143190	5404.70492202681	-0.0144422006154237	0.250557568259099	-0.0576402489686088	0.954035188910308	0.984744253826005
ZNF275	101	256	357	0	0	0	101	256	357	97	-0.14605822014198	-0.101897919619295	ENSG00000063587	3497.39208828557	-0.328966574256079	0.25403989777923	-1.29494058662377	0.19534072597983	0.535588921369323
FOXK1	454	355	809	397	303	700	57	52	109	195	-0.14747513729979	0.302908968898235	ENSG00000164916	8534.48971317231	0.597906156469823	0.249177247537572	2.39952147468708	0.0164165168596273	0.182435331602582
STAT6	386	351	737	364	313	677	22	38	60	242	-0.147780571123627	0.0415516493789629	ENSG00000166888	1657.75911721962	0.693594400023072	0.294075900260571	2.35855573138941	0.0183462047660518	0.191172945706102
RFX5	237	358	595	0	0	0	237	358	595	41	0.149077147839615	0.164941791549901	ENSG00000143390	2271.50859082915	-0.114783749494417	0.239790294001791	-0.478683884901363	0.632163531884699	0.856603261395648
MECOM	437	172	609	348	107	455	89	65	154	145	-0.14983987771072	2.14146835614565	ENSG00000085276	1895.15470853512	-0.475535953267426	0.415692358741867	-1.14396125708609	0.252639704693446	0.596095262174792
ZNF697	182	333	515	35	259	294	147	74	221	114	0.150487884092641	-0.477160247899822	ENSG00000143067	917.367168528509	0.56130948479681	0.307059312833092	1.82801648195546	0.0675470780631465	0.342356582135048
IRF7	167	313	480	0	0	0	167	313	480	77	-0.151661411336167	0.180682810106305	ENSG00000185507	754.497930023549	0.640873685267349	0.36378897905071	1.76166327781473	0.0781262057987292	0.363238663105764
RUNX2	414	311	725	0	0	0	414	311	725	7	-0.151723314629336	0.203383272085524	ENSG00000124813	486.065556645493	-0.139296820837398	0.296969876988367	-0.469060438890421	0.639026435748331	0.86011713951617
ZNF665	46	294	340	52	235	287	-6	59	53	246	-0.152847141617301	0.221848307726751	ENSG00000197497	232.558261520788	0.0282669736320685	0.33026923873432	0.0855876670209889	0.931794202774064	0.978599619610691
ZNF526	411	347	758	308	278	586	103	69	172	131	-0.153416355028947	0.253475713605928	ENSG00000167625	438.923597421748	-0.29102765222829	0.242782852286262	-1.1987158462293	0.230638454280322	0.574114915510129
PPARA	370	126	496	0	0	0	370	126	496	70	-0.153547395839866	0.609711103524736	ENSG00000186951	2269.24342781169	-0.0363884747531208	0.27454750665947403	-0.132539811400487	0.894557335822148	0.965544869888775
ELF1	0	0	0	145	273	418	-145	-273	-418	273	0.15471529513203	0.258609231329287	ENSG00000120690	1712.11021768734	-0.17126336211172	0.232782202730425	-0.735723608174858	0.461898919339472	0.763707307352156
POU2F2	393	418	811	201	380	581	192	38	230	109	-0.15480741235989	-0.330167131767523	ENSG00000028277	572.298388620647	0.630605138432729	0.468440079617997	1.34618100771175	0.178244148543135	0.517313813944905
ZNF658	0	0	0	154	370	524	-154	-370	-524	284	-0.154823620314778	-0.0539833283858813	ENSG00000196409	229.244170675623	-1.3383427411233	0.419713406242	-3.18870620099191	0.00142911044338003	0.0587719828825015
ESRRG	415	299	714	375	231	606	40	68	108	197	0.154940438252494	-0.249888630830545	ENSG00000196482	1190.98746247971	0.550763275542022	0.623051573380555	0.883977023850031	0.376708615949475	0.703840766452338
THRB	424	248	672	0	0	0	424	248	672	14	0.157077364179365	-0.344983669003311	ENSG00000151090	927.381701918114	0.268702189540469	0.279427815776361	0.961615753227385	0.336242655327704	0.669327923886107
E2F2	348	208	556	0	0	0	348	208	556	51	-0.157920915686156	0.047684862429193	ENSG00000007968	283.034455887113	0.223725261010009	0.599113298386014	0.373427299331721	0.708830444652395	0.893879553371473
ZNF579	367	356	723	279	276	555	88	80	168	136	-0.158070744693748	0.166715056722453	ENSG00000218891	476.9688643575	0.502901001829435	0.475028198949327	1.05867610163303	0.289747315308186	0.630026046667958
ZFP64	267	346	613	0	0	0	267	346	613	31	-0.160281009333223	0.0893510927474952	ENSG00000020256	760.475494968326	-0.0548556504126115	0.244188798991948	-0.224644417102933	0.822255908042135	0.939895752157173
ZNF497	237	264	501	0	0	0	237	264	501	68	0.16129584893668	0.134785662886521	ENSG00000174586	446.04768026693	0.00981930955506654	0.32338838546988	0.0303638287466607	0.975776892024592	0.992248576223034
ZBTB7C	327	272	599	237	203	440	90	69	159	143	-0.161728340603649	-6.55524452999369e-4	ENSG00000184828	567.25569803556	-0.201820765182559	0.370139685530237	-0.54525567798396	0.585577682754521	0.832762225653887
FOXO3	409	371	780	90	313	403	319	58	377	94	0.161915689894107	0.262239688167045	ENSG00000118689	6023.09616925389	-0.020679465283577	0.241994478176644	-0.0854542857316026	0.931900237176431	0.97866937025702
E2F6	294	313	607	217	262	479	77	51	128	183	-0.16540374053003	0.177150772538796	ENSG00000169016	788.930939301195	-0.508923828206413	0.358171817756461	-1.4208929987687	0.155347868673285	0.487488699800244
SNAI2	387	216	603	0	0	0	387	216	603	36	0.165528674883638	-0.340874223468843	ENSG00000019549	252.957278185174	-0.285684974225225	0.528023007240135	-0.541046451211359	0.588475565996123	0.834344663069359
RELA	257	408	665	176	357	533	81	51	132	177	-0.168337545632044	0.0464478337802276	ENSG00000173039	2772.8364863532	0.488952564449527	0.338042364955513	1.4464239253381	0.148058335259568	0.478258266836739
FOXO1	88	402	490	0	0	0	88	402	490	74	0.170748034981832	0.198451912552003	ENSG00000150907	2628.35869677928	-0.346506508530238	0.325927850772818	-1.06313869069067	0.287719060741771	0.628357530278813
ZNF35	0	0	0	66	272	338	-66	-272	-338	269	-0.17621447189978	0.134501368211846	ENSG00000169981	768.26257403386	-0.111922188037464	0.258731995534251	-0.432579618946463	0.66532019862891	0.872534923007928
ZFP41	0	0	0	256	104	360	-256	-104	-360	271	-0.178043081913969	0.280889456691036	ENSG00000264668	632.877222816688	0.59459275583906	0.315424018555266	1.88505859053622	0.0594219279247541	0.32357483966444
ZFP41	0	0	0	256	104	360	-256	-104	-360	271	-0.178043081913969	0.280889456691036	ENSG00000181638	1120.91824661227	0.851733949237588	0.34952969157838	2.4367999908431	0.0148178727799692	0.17349921483222
ZNF213	354	181	535	0	0	0	354	181	535	58	0.180027112319168	0.221844383612827	ENSG00000085644	535.892126160986	0.649700316259174	0.287409880322929	2.26053577395871	0.0237880187599222	0.215408268940718
E2F7	352	115	467	0	0	0	352	115	467	81	-0.18007127293241	-0.0596898495119597	ENSG00000165891	391.33420914091	-0.838775734677614	0.537525746538358	-1.56043824891978	0.118656351972907	0.433369278409677
ZBTB7A	386	130	516	0	0	0	386	130	516	63	-0.180270380030636	0.326056985761058	ENSG00000178951	1525.01773162093	1.95992913384533	0.422743357339297	4.63621509319726	3.54846720213808e-6	0.00113743023463764
RFX3	266	273	539	354	219	573	-88	54	-34	262	-0.186167228980385	0.338671759617928	ENSG00000080298	6708.58003978358	-0.396516568451115	0.27508241214925	-1.4414464572747	0.149458593517754	0.479428369346017
SATB1	357	195	552	310	175	485	47	20	67	238	0.189766318372671	0.181873866989139	ENSG00000182568	5360.15941389666	-0.063736573924906	0.211343607029681	-0.30157796027374	0.76297381132506	0.917738217161368
ZNF507	140	141	281	0	0	0	140	141	281	102	-0.191335319643719	0.0844983602691667	ENSG00000168813	2526.5339253902	-0.203574634827125	0.196878955208361	-1.03400911799678	0.301131900647222	0.639811261878444
ZNF273	155	295	450	68	234	302	87	61	148	156	-0.192562414442682	0.0548493322086773	ENSG00000198039	843.063536810593	-0.0211563257550533	0.354932849118897	-0.0596065588394334	0.952468994461063	0.984392802370625
TEAD1	466	290	756	398	224	622	68	66	134	176	0.19265713582706	0.0603227609303117	ENSG00000187079	9070.73290287661	-0.380766189495032	0.301138016500304	-1.2644241797171	0.206077818682485	0.547183857259154
POU3F2	415	328	743	344	280	624	71	48	119	188	0.1927481741457	0.0629901240042236	ENSG00000184486	2193.64377828578	-0.100039214935995	0.279641028312065	-0.357741550085978	0.72053673564272	0.899247469706725
FOXJ3	130	409	539	0	0	0	130	409	539	57	0.194021615632971	0.194936377993901	ENSG00000198815	3377.88238590639	0.263168391989906	0.286349237112795	0.919046946460844	0.3580710172283	0.687159192131231
ZNF219	267	311	578	253	240	493	14	71	85	224	0.194218454373509	0.304558476000955	ENSG00000165804	1153.37117586407	1.03918584406629	0.312689002109973	3.32338469550909	8.8932179484142e-4	0.0459645180324917
ZNF132	160	404	564	122	348	470	38	56	94	216	-0.195945006026675	0.579371035533537	ENSG00000131849	729.293390676116	-0.138850780089985	0.253334348568202	-0.548092988079758	0.583628055012258	0.832369198059976
MAFG	295	220	515	153	139	292	142	81	223	112	0.196799020444832	0.22059672838856	ENSG00000197063	2212.23168907918	1.05392617445297	0.327802202968633	3.21512840642448	0.00130386183843086	0.0556113230487327
ZNF586	0	0	0	169	216	385	-169	-216	-385	272	-0.201990142620046	0.262842622024807	ENSG00000083828	1116.09996724724	0.194532613396895	0.209877492758915	0.926886493828824	0.353985470392069	0.684226810889333
SOX8	418	329	747	300	302	602	118	27	145	161	0.205552380862794	1.24940900708488	ENSG00000005513	9127.65959399709	-0.458220332539903	0.597144982903307	-0.767351892185453	0.442872323207301	0.752163917000772
HOXA3	0	0	0	343	173	516	-343	-173	-516	283	0.205927193163661	0.793336414214372	ENSG00000105997	363.960784235316	0.102477286480117	0.595752958690912	0.172013055051036	0.86342726553197	0.955048415936808
ESRRA	316	376	692	337	303	640	-21	73	52	248	-0.206514337973037	0.138852686827992	ENSG00000173153	1037.06332066573	-0.00601713155786525	0.277598389642076	-0.0216756716983247	0.982706670385325	0.994835427738011
IRF3	0	0	0	241	294	535	-241	-294	-535	285	-0.210132037500198	0.218748082429782	ENSG00000126456	956.547107119139	0.0221644951994552	0.26610311321776	0.0832928819638325	0.933618659998694	0.979030635280144
ZNF536	304	315	619	314	244	558	-10	71	61	240	-0.210346727118918	0.322719113563897	ENSG00000198597	1043.15346580076	-0.174899705672026	0.37313921243844	-0.46872507590148	0.639266160627505	0.860196529288989
ZNF92	0	0	0	128	301	429	-128	-301	-429	275	-0.212181864565778	-0.0503932115627545	ENSG00000146757	1044.425002215	-0.539489336602519	0.325415537323014	-1.6578475048873	0.0973482500802095	0.398552907142306
RREB1	416	382	798	209	321	530	207	61	268	103	0.21698315655957	-1.45894740523857	ENSG00000124782	2086.11221574196	0.551038865244652	0.324754991880381	1.69678335675166	0.0897376264293219	0.384751862782437
ZNF433	185	276	461	0	0	0	185	276	461	82	-0.21703050088767	0.374167470083519	ENSG00000197647	601.253124743797	-0.21403244959006	0.312442509253059	-0.68502986389956	0.493325076186187	0.782140955990504
POU3F4	119	283	402	0	0	0	119	283	402	92	-0.217586121965414	0.141265914233748	ENSG00000196767	180.206743526451	-0.306531793133493	0.679529216594816	-0.451094354220046	0.651921546592775	0.865625945755552
ZNF70	172	299	471	0	0	0	172	299	471	80	-0.218366260005051	-0.0591334765144983	ENSG00000187792	979.432598291082	0.500486297457782	0.347907293946797	1.43856224392444	0.150274590149737	0.480194247781385
TGIF1	326	233	559	211	168	379	115	65	180	127	0.219526088691326	0.180244970871096	ENSG00000177426	1217.34021846605	0.266775969619654	0.344745322164755	0.773834922384126	0.439028417885552	0.749790492350342
ZNF623	28	313	341	0	0	0	28	313	341	99	-0.221577518315588	0.20415175791173	ENSG00000183309	1463.51075116836	0.153273656026552	0.208807703774944	0.73404215101064	0.462923048802068	0.764008899484905
SP1	277	458	735	224	425	649	53	33	86	221	-0.225181312193184	0.314448377511629	ENSG00000185591	5157.42005182875	-0.169302223239319	0.176594433192897	-0.958706456247051	0.337706645072762	0.670692083322373
JUND	328	362	690	337	308	645	-9	54	45	251	0.227192933528429	0.303695897500459	ENSG00000130522	3227.94030794991	1.28553836297507	0.347504442923709	3.69934367503122	2.16157732282418e-4	0.0200327188546827
FOXP1	469	377	846	403	336	739	66	41	107	200	-0.228506736657973	2.29402308193421	ENSG00000114861	2799.49075208007	0.0428593589836444	0.333325106947318	0.128581250227929	0.897689003285006	0.966857919498613
RFX1	221	331	552	0	0	0	221	331	552	54	-0.229448102212876	0.0200031996625035	ENSG00000132005	597.617706941626	1.02093329658519	0.386662372082338	2.64037405834717	0.00828145662991521	0.132910341383834
FOXJ2	313	373	686	100	320	420	213	53	266	104	-0.231962354482134	0.183287946702491	ENSG00000065970	1210.62034127585	0.21871149873747	0.209517116437975	1.04388368098898	0.29653920924067	0.636205720727051
ARNT2	384	235	619	0	0	0	384	235	619	26	-0.234138274576847	0.331142231154753	ENSG00000172379	7827.00555828034	-0.37141752995421	0.34450915288985	-1.07810642137849	0.280986266295113	0.623824022998951
ZNF574	383	315	698	82	251	333	301	64	365	96	-0.241587357909871	0.301399173772116	ENSG00000105732	623.2627063248	-0.200449899760833	0.242420336466295	-0.826869159092609	0.408311225594408	0.727707912213988
ZNF585A	80	344	424	0	0	0	80	344	424	90	-0.248674146371639	0.174988632630168	ENSG00000196967	1270.85447339276	0.499178370399641	0.234572871427909	2.12803112039771	0.0333345034313798	0.252901825208703
ZNF689	192	252	444	205	187	392	-13	65	52	249	-0.249365819534982	0.253032093254716	ENSG00000156853	428.774226890151	-0.263944886955206	0.336206367711205	-0.785068078133277	0.432413654660976	0.745269370570237
SOX11	422	371	793	286	326	612	136	45	181	126	0.249718789787111	0.0888965265951813	ENSG00000176887	5084.85228155782	-0.360201854234572	0.436228872140008	-0.825717592848748	0.408964310081676	0.728159154457521
ZNF436	356	346	702	94	283	377	262	63	325	101	-0.253196869147761	0.295540438765399	ENSG00000125945	2178.76296411226	-0.0821068638745793	0.327628827781543	-0.250609399760532	0.802116113644973	0.932722546903103
GLIS3	448	168	616	0	0	0	448	168	616	28	0.253748359087215	-0.0464625593883558	ENSG00000107249	8383.3490662692	-0.164291967087646	0.336897751510021	-0.487661215758393	0.625789827588281	0.852851210677232
MEF2C	430	301	731	387	254	641	43	47	90	218	0.254060596466589	0.0952830453848639	ENSG00000081189	4282.39988531397	-0.683992159671279	0.309473161464921	-2.21018248055352	0.0270925003531524	0.230300566960342
TBX1	283	366	649	235	306	541	48	60	108	199	0.254311244240769	-2.73101211111865	ENSG00000184058	241.723359300107	1.27914877194549	0.724596995380239	1.76532442185224	0.0775092573291954	0.361899765044067
ZNF740	318	312	630	189	250	439	129	62	191	121	-0.260350775323727	0.165996009300949	ENSG00000139651	1661.4610634688	-0.223316580188468	0.250419496159516	-0.891769944486338	0.372516254526524	0.699682955334378
ZNF254	110	359	469	100	298	398	10	61	71	236	-0.264483714171769	0.180741225002414	ENSG00000213096	2636.6928818729	0.0331848615591143	0.250133634431498	0.132668529902173	0.894455532312835	0.965512937031691
ZNF134	107	295	402	86	231	317	21	64	85	223	-0.266370132304189	0.740135938470555	ENSG00000213762	1265.80497229827	-0.30957445007981	0.212961866968021	-1.45366142064437	0.146040199141739	0.475137211827285
E2F3	342	321	663	224	293	517	118	28	146	159	-0.270810365232379	0.310229732804083	ENSG00000112242	1797.08514835091	-0.973352846118899	0.451670890311461	-2.1550045995829	0.0311614742877215	0.245712198180704
FOS	403	257	660	414	164	578	-11	93	82	227	0.271304278638812	0.296048542758541	ENSG00000170345	10629.036429496	-0.430385188667873	0.387922533925097	-1.1094616863659	0.267231063923951	0.610526786270773
SOX10	459	327	786	381	269	650	78	58	136	173	0.272712339218159	0.10714664833109	ENSG00000100146	9869.1421585995	-0.878595079339016	0.616929280865329	-1.42414229084193	0.154405286312723	0.48649709608443
ZNF251	322	240	562	228	180	408	94	60	154	146	-0.28462527311961	0.274677567484448	ENSG00000198169	1004.48864748048	0.127365943435598	0.257178653249457	0.495243060908545	0.620428557938084	0.849384953011195
ZBTB7B	342	259	601	290	179	469	52	80	132	178	-0.286906772756169	0.255347403449966	ENSG00000160685	1292.67177005876	0.845601405572238	0.315914061880412	2.67668175496518	0.00743552241485555	0.125934748102147
RFX2	432	262	694	358	197	555	74	65	139	169	-0.286989528775809	0.0162913798413559	ENSG00000087903	966.946678796356	0.279406970776601	0.408828946628	0.683432455263101	0.494333617622862	0.782514950746509
NFKB1	208	393	601	218	330	548	-10	63	53	244	0.287899317861576	0.247110572628085	ENSG00000109320	1690.84558724931	-0.0919320397075021	0.312214775729629	-0.294451277946925	0.768413088483747	0.919721314738572
MAFB	0	0	0	186	314	500	-186	-314	-500	281	-0.288093176909273	-1.22118994387367	ENSG00000204103	1771.19507567195	0.239539504179562	0.381696134319442	0.627565968428412	0.530288308274333	0.803702043239358
MZF1	298	372	670	139	303	442	159	69	228	110	-0.291153233685528	0.234417436013566	ENSG00000099326	1524.52911315848	0.666260550216528	0.342783078797692	1.9436798121816	0.0519340745502969	0.305269958060704
ZNF41	232	339	571	0	0	0	232	339	571	46	0.300812511032501	0.134694888258177	ENSG00000147124	845.340104207218	0.175905687836623	0.203702857550953	0.863540600026305	0.387840307005596	0.711958419933248
ZNF91	235	427	662	244	371	615	-9	56	47	250	-0.307855943886549	0.192443444796623	ENSG00000167232	6999.49270578198	0.322379219521395	0.295536199676772	1.09082819591638	0.275348487153454	0.618504138574934
ZNF383	0	0	0	171	280	451	-171	-280	-451	278	-0.308077140285037	0.285152634615103	ENSG00000188283	496.778078486901	-0.303921406986879	0.193431497795468	-1.57120950026579	0.116133994082234	0.429059745880544
MEIS3	0	0	0	231	198	429	-231	-198	-429	274	-0.310134761696041	-0.244654208839792	ENSG00000105419	1594.50795776573	-0.488492603672913	0.406859125154714	-1.2006431058592	0.229889672431329	0.573272090862764
HINFP	178	259	437	0	0	0	178	259	437	88	-0.311724341862546	0.0919242857016992	ENSG00000172273	998.849939960439	0.0599212549788806	0.249541878691463	0.240125045515779	0.810233318620142	0.935743440915948
ZNF823	47	389	436	0	0	0	47	389	436	89	-0.31237950967901	0.160406621758936	ENSG00000197933	372.922255306876	0.254306154086521	0.28348970199127	0.897056056358451	0.369689005717237	0.697075151718675
HOXD3	372	184	556	0	0	0	372	184	556	52	0.313288732598734	-1.1116540922611	ENSG00000128652	1142.80098237616	0.528575858827902	0.596884049412817	0.885558693263601	0.375855378650646	0.702772721538848
BHLHE41	359	73	432	232	39	271	127	34	161	142	-0.315170843852932	-0.770726118082694	ENSG00000123095	2576.21148223497	0.147725172050945	0.378958146593424	0.389819227740303	0.69667022465733	0.887778142987678
ZNF343	289	289	578	136	236	372	153	53	206	116	-0.315228680569962	-0.0709493016102066	ENSG00000088876	781.515390278484	-0.144522353790124	0.237567399892553	-0.608342532921137	0.542960317153257	0.811007148783469
KLF12	422	236	658	0	0	0	422	236	658	16	0.315980589282378	0.173559557683866	ENSG00000118922	5190.9803347619	-0.398463916169512	0.267958099331873	-1.48703814948323	0.137004735434236	0.461735164593109
NFIL3	395	141	536	309	93	402	86	48	134	175	0.317315116475064	-0.189700326850136	ENSG00000165030	3000.06407365529	0.50789210546959	0.448023355419547	1.13362863637763	0.256950355760159	0.600106181811778
HOXA4	0	0	0	343	205	548	-343	-205	-548	286	0.318216704464712	-0.131574025982872	ENSG00000197576	130.421199527496	-0.535995811766469	0.774269782751506	-0.692259757137509	0.48877421751434	0.779282560123419
ZNF701	181	378	559	153	320	473	28	58	86	222	-0.323057421131778	0.107625913969109	ENSG00000167562	647.662933183421	-0.0777423540587489	0.248623628595891	-0.312690931661648	0.754515485824805	0.914085804540962
NFIX	454	187	641	449	119	568	5	68	73	232	0.325623152226216	0.170920094766566	ENSG00000008441	12175.5867291724	0.757422247575613	0.390315176427131	1.94054008995732	0.0523140869436258	0.306479567614474
TCF7	288	314	602	102	256	358	186	58	244	106	-0.329800327584585	-0.173438978009658	ENSG00000081059	769.158182956598	0.222280704342424	0.23145984945833	0.960342387081876	0.336882923710694	0.669803354476162
OLIG2	441	70	511	390	32	422	51	38	89	219	-0.333495009815092	3.68550294825528	ENSG00000205927	4347.09520896685	-0.892721592817134	0.469732167710299	-1.9004906501692	0.0573687608167851	0.318767037878126
MAF	303	364	667	358	300	658	-55	64	9	257	-0.33364440879693	0.639952349345835	ENSG00000178573	2585.03205860517	0.168861240546334	0.271861440743427	0.621129793488069	0.534514227757249	0.80664273512485
FLI1	234	344	578	0	0	0	234	344	578	42	0.337188603134371	-0.823059815305691	ENSG00000151702	832.679622571843	0.322163037615224	0.438765858814967	0.734248189878155	0.46279748815202	0.76390992764886
SOX9	460	392	852	434	342	776	26	50	76	230	-0.340040643732545	-0.243612104246938	ENSG00000125398	5834.44140431062	-0.00154579606717907	0.338280031202064	-0.00456957527669057	0.996354019125939	0.99868675754936
NR2F1	394	350	744	310	284	594	84	66	150	149	0.341298918094805	0.187688981128993	ENSG00000175745	2616.86960313655	0.527429427600135	0.311278820121448	1.69439548567536	0.090190156780385	0.385603755231262
ZNF708	249	365	614	0	0	0	249	365	614	30	-0.344745306389782	0.188672352152188	ENSG00000182141	2262.17588072852	0.231197559644992	0.215020268494182	1.07523612199027	0.282269026965482	0.624703714014503
PBX3	359	367	726	0	0	0	359	367	726	6	0.35239341284003	0.136707585192258	ENSG00000167081	4159.52349530323	-0.42939224185183	0.362727196872043	-1.18378838299049	0.236496841954152	0.579721848103177
NR2F2	469	336	805	409	261	670	60	75	135	174	-0.352622321903376	0.239356099555891	ENSG00000185551	1216.24704861803	0.45792582237859	0.297697247817054	1.53822659005569	0.123993221692884	0.441700568181861
NFE2L2	333	238	571	0	0	0	333	238	571	45	0.354461709024317	0.336386931177097	ENSG00000116044	5420.48948627629	0.0825366542521246	0.262846817840132	0.314010475494228	0.753513082595964	0.913560746506364
OLIG1	441	63	504	0	0	0	441	63	504	66	-0.355442563817322	3.58802644254203	ENSG00000184221	6669.82673690947	0.161456175504946	0.594946839674876	0.271379163209233	0.786099426283942	0.925949964767536
MEF2D	349	245	594	350	204	554	-1	41	40	252	0.36392275117039	0.402054940708943	ENSG00000116604	3256.94042683473	1.12495089886073	0.326984930449357	3.44037536321559	5.80907921575748e-4	0.0360386151256734
ZNF699	76	378	454	63	318	381	13	60	73	234	-0.365530097339325	0.0509800669160942	ENSG00000196110	363.174777700598	-0.348296666235396	0.273226207882981	-1.27475570127067	0.202395724627601	0.542810187362346
ZBTB20	465	130	595	422	76	498	43	54	97	212	-0.369355084682579	0.198335748274457	ENSG00000181722	8677.0437030809	0.315844347983339	0.312152643902529	1.01182659879044	0.311620969787509	0.649101662443499
ZNF276	281	365	646	0	0	0	281	365	646	18	-0.37410627780471	-0.0445769091664366	ENSG00000158805	2329.3008501171	0.342797644455473	0.445959517521682	0.768674354929104	0.44208665267797	0.751656737242282
TCF4	474	213	687	417	118	535	57	95	152	147	0.374333041527734	0.032662587643874	ENSG00000196628	18916.011168952	-0.0907143153145633	0.275276468832333	-0.329538938432896	0.741748367354609	0.90827975351357
KLF13	474	155	629	396	82	478	78	73	151	148	-0.377316466906031	0.277934747942338	ENSG00000169926	5721.2602083391	0.0547737945695071	0.331953863199396	0.165004238967407	0.868940645578992	0.957172989474004
MEIS1	444	300	744	0	0	0	444	300	744	4	0.377930811323218	-0.228535228648083	ENSG00000143995	2692.46973636308	0.612281009013744	0.434680468608436	1.40857722679344	0.158960216658142	0.493127678949454
FOSL2	416	253	669	334	136	470	82	117	199	119	0.379257113006226	0.135517196900243	ENSG00000075426	12108.1581002421	1.364643536929	0.509306667025403	2.6794142415201	0.00737510923282741	0.12550002069125
PEG3	77	391	468	150	322	472	-73	69	-4	259	-0.379335893035882	-0.106530201186928	ENSG00000198300	12806.9503726867	-0.261694109927038	0.439135287223976	-0.595930496912138	0.551221658888673	0.815390232444604
EGR1	158	406	564	186	350	536	-28	56	28	255	-0.387775178588533	0.3267057698203	ENSG00000120738	2339.49031179585	-0.250553507344222	0.484313738216376	-0.517337187805073	0.604920798642544	0.842660599584133
SOX5	411	275	686	339	282	621	72	-7	65	239	0.38782435792992	-0.116756053167717	ENSG00000134532	4406.28136819409	-0.520501544283592	0.252060388372691	-2.06498747242264	0.0389241856483407	0.269518834008666
IRX2	0	0	0	319	150	469	-319	-150	-469	279	-0.400557350538222	0.250934911448053	ENSG00000170561	1366.40105644705	0.547426306181696	0.31924675558326	1.714743522394	0.0863922603026429	0.378442726017307
TCF7L2	467	254	721	377	206	583	90	48	138	170	0.409045380218576	0.190030789920082	ENSG00000148737	3525.5257172438	0.415543217176248	0.376556010810774	1.10353627414293	0.269794347893459	0.613192946236384
ETV6	443	269	712	377	204	581	66	65	131	179	0.416343339068743	0.286117876062412	ENSG00000139083	2157.82198739583	0.312657059374246	0.293820978298358	1.06410733905038	0.287280076573279	0.627996998075931
ID1	414	266	680	0	0	0	414	266	680	12	0.417401427923796	0.0235759571366879	ENSG00000125968	1737.7526280499	0.267687109829253	0.454619829263932	0.588815297086054	0.555985183076647	0.817539944694997
SP2	306	436	742	0	0	0	306	436	742	5	-0.435417420393956	-0.0380976821096488	ENSG00000167182	525.608550862773	0.77425518993974	0.396860039462908	1.95095276155186	0.0510626653957272	0.304425511436153
ZNF682	114	336	450	73	260	333	41	76	117	190	-0.444385531837974	0.282328658231789	ENSG00000197124	534.057464949556	-0.604312215076199	0.312936399274633	-1.93110234692083	0.0534703968452024	0.309048003894837
NR4A2	345	293	638	0	0	0	345	293	638	21	0.456359537029756	0.137340198989847	ENSG00000153234	659.358488736043	1.52896904656293	0.501743963844341	3.04730929864713	0.00230899985752038	0.0740809421688747
KLF7	438	390	828	350	311	661	88	79	167	137	0.458379960183581	0.325459995628621	ENSG00000118263	3589.64678063313	0.32419125714052	0.228995242299584	1.41571175839713	0.156859914282142	0.489697361556004
MITF	400	205	605	307	131	438	93	74	167	138	-0.470370902573299	0.0646341117176557	ENSG00000187098	831.570567129351	-0.122338661673315	0.271542231720625	-0.450532725234368	0.652326363011458	0.865796729797653
GBX2	0	0	0	179	136	315	-179	-136	-315	266	-0.473092560962155	1.13973356334165	ENSG00000168505	135.857369537707	-2.33326781542363	0.576888058318973	-4.04457638146069	5.24178172715385e-5	0.00795322973714288
RUNX1	465	230	695	0	0	0	465	230	695	11	-0.476365749756669	-1.20469738107348	ENSG00000159216	1720.39079980461	0.338199787006262	0.530958328878786	0.63696107323607	0.524150199678859	0.800300827102201
TBX2	465	339	804	282	263	545	183	76	259	105	0.480837148785559	-4.48963528334071	ENSG00000121068	558.125810025453	1.18024763433054	0.573667513240072	2.0573722706808	0.0396504303573728	0.271709973269353
TCF7L1	453	204	657	307	127	434	146	77	223	113	0.484176671381053	0.166695398825902	ENSG00000152284	1245.67042392461	1.5881282043138	0.478527471190379	3.31878167906053	9.04110856797503e-4	0.0464832413408165
POU3F3	453	306	759	377	273	650	76	33	109	196	0.497258635481324	0.131688245333399	ENSG00000198914	4094.76041037221	0.374415585036829	0.324439799901063	1.15403715928504	0.248484934726891	0.591968848658314
SOX2	447	369	816	393	326	719	54	43	97	211	0.506099891332563	0.127464802965291	ENSG00000181449	12913.9957805069	-0.783814670337048	0.302671866845754	-2.58965155402597	0.00960731229494118	0.141617156212546
INSM1	400	273	673	0	0	0	400	273	673	13	-0.511618505212078	1.28636994516788	ENSG00000173404	244.402847602832	0.254734706417582	0.585604353352216	0.434994557262743	0.663566378085333	0.871869308888569
OSR1	431	189	620	328	118	446	103	71	174	130	0.514624265750449	-0.833323316300979	ENSG00000143867	1199.57589556096	-0.831082952086172	0.472092029154091	-1.76042572372029	0.0783356509968036	0.363342580705344
PBX1	473	224	697	410	159	569	63	65	128	185	0.52020475484787	0.0818608346393033	ENSG00000185630	8654.81372792167	0.0960523377368027	0.310956590896047	0.308893075589811	0.757402864291638	0.915671234445866
SALL1	430	343	773	421	263	684	9	80	89	220	-0.525070142917751	-0.0295791288178806	ENSG00000103449	2716.74749727291	-0.223245308147934	0.277439920556353	-0.804661808222328	0.421014864309109	0.737181835102575
ZNF135	79	338	417	148	273	421	-69	65	-4	260	-0.529716146521943	0.270989134016734	ENSG00000176293	2280.73234188717	0.259346111710414	0.285389590315186	0.908744118606394	0.363485210033098	0.692012301293941
DEAF1	333	206	539	0	0	0	333	206	539	56	0.545408684851826	0.229755655941661	ENSG00000177030	2062.33631369327	0.16534131976635	0.309881537415254	0.533562990378435	0.593643919513836	0.836598527475165
POU3F1	0	0	0	307	277	584	-307	-277	-584	287	-0.549081325499172	1.15907854971936	ENSG00000185668	170.623783039624	-0.913147472824079	0.658713453162677	-1.38625903029578	0.165667822211981	0.501685530093737
SOX12	387	337	724	327	291	618	60	46	106	203	-0.550711171919188	0.2422726551218	ENSG00000177732	1813.55743018916	0.92504583090946	0.44715796396937	2.06872270080563	0.0385721157195216	0.268947585861198
ETS1	475	379	854	411	337	748	64	42	106	202	0.556768310606326	0.169383698458091	ENSG00000134954	4034.62062931071	-0.699097597807416	0.31416509066137	-2.22525550606434	0.0260640905501337	0.226136890919077
ZNF319	234	250	484	0	0	0	234	250	484	76	-0.557236277061992	0.117770596824159	ENSG00000166188	526.158991217502	0.327375853666861	0.307088108748564	1.06606489909679	0.286394305485986	0.627425667984522
NFIA	480	183	663	426	107	533	54	76	130	181	0.592354880336949	0.164770616846889	ENSG00000162599	18766.3680253148	-0.121143445002038	0.309616265122287	-0.391269641322592	0.695597936488934	0.887150805000433
RFX4	376	243	619	297	172	469	79	71	150	150	-0.630472438886707	2.37626152193177	ENSG00000111783	5666.87536566382	0.681698283979578	0.366224127811326	1.86142373538748	0.0626843613009714	0.33172707481217
MEIS2	407	290	697	299	213	512	108	77	185	123	0.681714687987302	0.102125394333819	ENSG00000134138	3216.77301871205	0.135851406895369	0.464999352467676	0.292153970052706	0.770168903574654	0.920453672648381
FOXP2	361	250	611	178	192	370	183	58	241	108	0.685032537928551	-0.120356253495202	ENSG00000128573	1131.66700215691	-1.00161004401883	0.606620074752954	-1.65113237379546	0.0987115481071127	0.400862460021913
PAX3	0	0	0	292	60	352	-292	-60	-352	270	-0.832190948204742	6.17538400745939	ENSG00000135903	833.824877269056	-3.5267227269358	1.25331832296941	-2.81390821653365	0.00489432003935131	0.105001898026159
NFAT5	0	0	0	93	137	230	-93	-137	-230	264	-0.859769773958002	-0.0137165109475877	ENSG00000102908	8382.33009217281	0.961390436387308	0.278311792985818	3.45436471115077	5.51590885907465e-4	0.0351509624045674
EBF1	470	328	798	0	0	0	470	328	798	1	1.20293135006161	-2.24235795245054	ENSG00000164330	759.794431477204	1.22060578910769	0.505327602860164	2.41547420366321	0.0157147355936466	0.178771477016609
HOXB2	366	200	566	0	0	0	366	200	566	49	1.214109427797	-0.668744513775349	ENSG00000173917	413.039586224417	1.42458980886154	0.471460685664355	3.02165133208105	0.00251399940632166	0.076780266833455
HOXA2	363	165	528	335	125	460	28	40	68	237	1.50725493408636	-2.89572324744375	ENSG00000105996	413.00766218051	-0.598735099543124	0.633104673945177	-0.945712650977792	0.344295168100491	0.675956893586372
PRRX1	418	207	625	303	147	450	115	60	175	129	1.56367297740801	0.0373990546556523	ENSG00000116132	8818.73791728518	0.459953319310651	0.306652785157217	1.49991567523131	0.133636247001774	0.457131551492129
NKX6-1	327	270	597	0	0	0	327	270	597	40	1.61521254042385	-4.46417632022463	ENSG00000163623	425.92416988586	1.72228132805167	0.703918284947857	2.44670633634592	0.0144168250401744	0.171336505467311
HOXD8	372	275	647	279	232	511	93	43	136	172	1.87873420445041	-4.12275753070657	ENSG00000175879	312.812801040064	0.915688033011595	1.03861922251878	0.881639789788348	0.377971630622457	0.705335146162628
